9000
2500
5000
4200
4500
2500
2200
3500
3500
25000
900
1500
1700
950
2250
105
450
1100
800
800
3500
3000
15000
25000
8000
5000
8000
150
400
200
150
1000
300
300
300
7000
270
80
11000
750
85000
2500
2200
1600
3000
900
700
900
1850
650
500
650
1200
1700
38000
1400
1600
700
450
450
3000
3200
3500
3000
600
350
300
2500
7500
4000
4400
7500
6500
950
500
700
1300
3600
600
1750
110
450
500
450
5000
500
2500
600
600
350
8700
9200
450
800
2000
1700
1600
2300
2000
2000
600
900
120
300
1900
500
400
7500
700
1100
700
1100
2000
300
2700
1500
17600
700
250
5000
9000
47000
9000
19000
9200
2000
600
1100
450
800
150
1700
7000
1450
35000
750
950
7500
1700
200
50
50
80
120
900
7700
3300
5000
4500
1000
3500
50
1300
700
750
2500
1200
1500
850
3000
75
55
13000
6200
21000
23000
30000
12000
2000
5500
4000
4000
28000
4000
1000
7000
12000
750
13000
9000
9000
12500
15000
18000
2200
3800
2500
2500
1000
1000
1000
1100
2500
3000
4000
18000
7000
1700
800
4500
5000
1200
7500
1400
1700
2000
700
12000
250
270
700
500
3600
800
8500
1200
12500
4500
16000
8000
9500
15000
400
4200
15000
950
2200
600
800
3900
13500
2700
1500
4000
800
6400
6400
13000
8500
3000
5000
200
12300
1500
100
11000
2000
1500
4700
1650
1000
150
90
900
46000
13000
800
9000
250
300
3550
8500
3000
400
2200
1400
18500
165
165
115
900
650
1450
2400
4000
6500
1100
7500
300
400
1000
750
1200